64332 64331
45756 45755
54318 54317
61197 30598
33844 33843
39427 39426
56621 11324
50357 50356
43373 43372
44724 44723
39910 13303
43533 10883
45921 45920
31333 15666
42186 42185
42544 42543
63995 31997
60406 60405
15179 15178
16426 16425
26427 26426
44365 11091
38227 38226
57976 19325
55810 55809
56243 28121
34446 34445
26463 13231
36572 36571
25079 12539
48031 16010
58519 19506
50111 50110
63753 63752
32230 32229
31987 31986
44557 44556
36164 36163
17506 17505
62276 12455
39724 39723
41089 13696
63166 63165
52322 52321
59849 59848
54159 54158
36863 36862
47618 47617
51333 51332
18182 18181
35636 35635
58373 58372
54084 54083
60789 30394
27407 13703
31656 31655
30267 30266
53604 53603
38006 38005
58168 58167
33765 16882
32164 10721
55781 55780
44594 44593
62984 62983
48859 48858
42985 21492
27493 27492
32851 16425
42592 14197
24468 24467
25398 25397
34600 34599
19378 19377
55825 55824
50289 12572
44752 14917
23447 11723
36829 12276
27466 27465
36901 18450
62090 62089
39522 39521
43573 14524
16865 16864
18263 18262
11785 11784
33086 33085
14746 14745
45146 45145
38764 38763
32988 32987
28995 14497
45952 15317
43747 43746
55705 18568
26124 26123
46118 46117
33799 33798
39589 13196
56081 11216
57869 57868
22490 22489
26421 13210
34511 34510
38692 38691
42815 42814
41385 41384
39161 19580
30203 30202
62490 62489
56910 56909
52045 52044
31567 10522
23632 23631
29317 29316
45999 22999
43982 43981
12595 12594
49514 49513
43612 14537
35329 11776
48649 48648
19341 19340
50301 10060
39332 39331
35305 17652
63517 63516
51125 51124
32548 32547
57202 19067
20130 20129
15607 15606
61972 20657
44641 14880
36711 36710
39512 39511
42796 42795
43285 21642
44758 14919
27451 13725
43821 43820
38095 38094
13573 13572
61462 20487
46154 46153
63415 63414
63751 63750
50913 25456
22127 22126
59948 59947
22305 22304
44747 22373
55165 27582
63579 63578
63175 21058
60459 60458
11543 11542
44839 14946
41966 41965
45188 45187
53878 53877
33480 33479
16188 16187
65181 16295
15521 15520
28692 28691
58757 58756
35858 35857
58933 19644
23883 23882
53998 53997
57834 57833
64577 16144
44157 44156
38283 38282
17948 17947
59625 29812
13817 13816
30833 30832
36991 12330
19626 19625
53132 53131
52004 52003
47959 47958
19068 19067
53435 53434
62384 62383
22447 22446
64210 64209
47965 47964
43381 21690
44772 44771
24717 24716
60522 60521
24272 24271
38484 38483
51433 25716
49957 49956
43303 21651
34458 34457
42335 42334
56579 28289
44598 44597
61997 61996
57165 28582
35659 35658
21396 21395
20366 20365
47033 47032
23712 23711
42412 42411
60832 60831
57904 19301
30563 30562
33928 33927
55317 27658
22801 11400
35257 11752
57469 19156
34245 34244
40930 40929
45040 45039
24080 24079
33169 33168
14594 14593
19105 19104
53229 13307
56343 28171
49233 24616
31258 31257
40759 13586
42392 42391
28885 28884
11610 11609
43865 43864
14008 14007
53841 10768
52964 52963
48871 24435
64613 64612
41986 13995
34136 34135
39651 39650
42652 14217
42010 42009
64316 64315
65230 21743
64617 16154
31713 15856
22513 22512
34390 34389
37441 37440
26953 13476
37635 18817
24504 24503
58093 29046
61744 20581
52282 52281
58230 58229
20919 10459
49834 16611
20381 20380
38405 38404
61609 15402
14201 14200
18803 18802
14077 14076
58507 29253
57703 57702
60870 60869
52959 52958
34649 34648
55540 55539
43301 43300
24030 24029
52803 26401
24297 12148
33210 33209
27977 13988
39585 39584
26217 13108
40174 40173
47442 47441
49177 12294
42603 42602
51805 25902
34185 34184
48273 24136
12740 12739
19953 19952
19387 19386
32572 32571
45099 45098
41754 41753
39538 39537
20568 20567
35926 11975
14807 14806
40070 40069
49733 49732
47787 47786
29747 14873
29359 29358
60965 30482
18051 18050
40362 40361
24367 12183
58993 14748
55619 27809
30523 15261
22814 22813
56559 56558
37422 37421
42035 21017
42873 21436
22692 22691
26015 26014
21181 10590
29197 14598
11744 11743
42557 42556
39774 39773
48345 48344
60211 30105
36451 36450
41184 41183
45604 15201
52570 52569
39564 39563
35346 35345
61402 61401
59050 59049
56002 56001
23240 23239
18519 18518
51109 17036
46445 11611
31779 31778
56904 56903
42833 42832
33025 11008
15746 15745
37667 37666
44127 22063
29858 29857
61995 61994
27985 27984
48061 12015
26867 13433
24623 24622
55815 55814
59625 14906
55902 55901
58633 29316
13690 13689
15102 15101
53373 26686
19184 19183
37646 37645
56669 28334
19267 19266
62201 62200
15842 15841
55784 55783
42448 42447
21912 21911
59878 59877
46446 46445
23275 23274
62782 62781
28695 28694
44589 22294
42794 42793
64077 64076
42545 42544
42158 42157
36677 36676
47428 47427
59946 11989
50029 16676
27541 27540
53041 53040
62507 31253
31866 31865
15709 15708
39642 39641
43605 43604
59971 29985
28344 28343
42753 42752
51017 25508
49466 49465
26601 26600
59488 19829
41612 41611
52689 26344
59924 59923
25099 12549
59652 59651
43245 43244
50922 50921
37608 37607
40841 20420
60271 60270
36320 36319
12207 12206
59308 59307
35328 35327
55608 55607
11430 11429
27330 27329
39648 39647
42810 42809
41567 20783
53550 53549
36635 36634
34916 34915
45001 45000
29941 29940
49381 49380
48328 16109
16338 16337
52974 52973
63002 63001
37575 37574
51050 51049
63523 21174
58642 58641
36028 36027
30599 30598
55234 55233
50270 50269
26434 26433
59622 59621
27294 27293
25937 12968
64640 64639
52166 10433
59641 29820
36769 36768
42946 14315
45347 45346
61694 61693
64961 64960
54223 27111
44928 44927
64750 21583
22030 22029
61011 61010
17507 17506
29890 29889
25301 12650
43835 43834
46067 23033
11305 11304
65236 65235
42679 42678
55609 55608
37471 37470
61630 20543
56318 56317
47459 47458
35529 17764
39524 39523
13379 13378
59485 14871
57352 57351
13030 13029
27668 27667
30871 10290
53053 13263
48600 48599
34640 34639
52643 26321
42081 42080
62513 15628
62623 62622
31461 15730
20387 10193
22730 22729
19371 19370
38501 38500
26601 26600
36941 18470
30745 15372
45737 22868
13033 13032
50992 50991
55305 27652
13123 13122
22135 22134
23446 23445
61087 20362
45649 15216
49831 16610
16109 16108
26295 13147
41045 41044
52932 52931
19511 19510
30650 30649
44375 22187
48868 48867
54465 13616
32645 32644
47143 15714
37249 18624
23848 23847
43799 43798
46087 46086
56961 56960
62845 10474
60121 30060
25297 25296
41955 41954
36629 36628
12372 12371
33970 11323
63858 63857
62572 62571
63422 63421
25068 25067
25821 12910
63352 21117
35974 11991
14055 14054
24445 24444
60229 60228
42671 42670
30481 15240
31768 31767
25492 25491
38512 38511
40189 20094
39319 39318
44551 22275
40732 13577
37815 18907
47801 11950
38767 12922
14498 14497
17105 17104
23503 23502
11764 11763
59826 59825
46399 46398
36675 36674
63434 63433
34882 11627
39238 39237
46631 46630
42290 42289
10652 10651
35906 35905
27338 27337
47737 47736
49719 24859
55873 18624
57495 57494
61655 61654
25893 12946
58529 58528
24647 24646
26192 26191
15752 15751
35268 35267
59448 59447
40424 40423
26669 13334
56704 56703
17271 17270
36222 36221
59810 59809
34559 34558
57304 19101
57849 57848
23132 23131
59918 59917
63732 63731
39769 39768
61128 61127
33347 33346
36946 36945
47107 47106
31500 31499
18286 18285
34685 17342
34424 34423
64731 12946
54035 27017
41011 13670
33552 33551
59687 59686
18026 18025
17028 17027
42770 42769
31889 31888
59926 59925
54157 18052
65403 65402
33469 16734
64537 64536
23719 23718
41977 41976
54157 54156
55957 27978
61549 30774
25954 25953
34196 34195
42680 42679
58821 58820
47529 47528
46102 46101
59455 59454
62163 31081
27333 27332
52043 52042
46903 23451
29292 29291
42020 42019
38324 38323
44480 44479
58649 58648
53663 53662
29606 29605
34707 34706
37220 37219
55468 18489
46775 23387
62880 62879
46213 23106
23775 23774
49931 24965
55115 55114
65000 64999
55541 55540
12291 12290
57948 57947
13067 13066
46470 46469
34735 34734
28552 28551
54756 54755
22024 22023
63678 63677
36472 36471
50274 50273
53913 53912
61617 61616
11034 11033
56050 56049
49846 49845
35927 35926
34180 34179
32908 32907
41181 10295
52985 52984
54505 54504
51758 51757
33419 33418
62492 62491
39411 39410
15175 15174
63979 10663
17925 17924
62691 31345
39301 19650
33189 33188
49287 49286
25852 25851
55805 13951
43265 43264
63598 21199
19663 19662
25174 25173
54186 10837
37047 37046
48647 24323
38989 12996
47929 23964
28188 28187
41472 41471
41475 41474
57087 57086
56578 18859
35353 17676
47573 23786
49806 49805
46456 15485
26478 26477
17957 17956
38262 38261
64988 64987
60891 60890
20023 20022
58454 58453
63304 63303
42208 42207
61183 30591
57113 57112
60656 60655
54554 54553
18600 18599
10940 10939
32482 10827
56821 14205
30215 30214
14298 14297
14743 14742
51484 51483
63175 63174
48013 24006
19795 19794
46501 23250
52453 52452
47627 23813
55703 55702
45725 45724
10545 10544
53090 53089
22598 22597
32572 10857
26135 13067
23687 11843
44636 44635
55406 55405
26024 26023
50291 10058
23770 23769
24164 24163
23035 23034
10945 10944
40689 40688
39076 13025
14252 14251
29643 29642
25445 25444
47263 23631
55059 55058
27925 27924
15468 15467
61231 30615
33817 11272
43381 43380
64597 16149
34204 11401
59809 29904
62194 62193
34166 34165
23201 11600
32610 32609
60430 60429
62273 31136
52474 52473
17369 17368
41846 41845
48558 48557
44272 14757
47221 15740
27573 27572
45769 45768
59866 19955
44635 44634
54209 54208
45723 45722
46993 46992
59251 59250
50677 16892
43561 10890
38630 38629
50413 25206
42130 14043
65322 65321
65393 65392
33077 33076
56869 56868
25703 12851
26209 13104
33982 33981
53971 17990
28348 28347
27765 27764
65010 65009
64694 64693
26097 13048
49399 24699
24228 24227
28814 28813
33139 16569
63941 15985
19898 19897
20774 20773
59442 59441
48588 48587
40769 20384
57863 57862
60485 60484
55761 11152
49116 49115
23212 23211
38025 38024
47897 23948
21536 21535
60960 60959
33915 33914
56840 56839
25067 25066
34525 34524
39576 39575
53825 53824
49729 24864
54581 54580
48056 48055
36003 36002
10636 10635
48419 48418
45085 15028
54665 54664
30975 15487
55347 55346
13628 13627
31500 31499
38867 38866
48608 48607
60548 60547
42188 42187
27306 27305
49288 16429
33971 33970
22717 22716
42055 21027
60502 60501
60989 30494
41519 41518
13214 13213
57236 57235
54078 54077
37496 37495
28695 14347
65106 65105
54760 54759
28957 14478
33641 33640
33426 33425
46543 23271
26726 26725
20164 20163
29721 29720
47305 47304
61713 15428
11561 11560
36711 36710
35609 17804
19677 19676
58000 57999
45103 22551
41612 41611
28827 28826
47252 47251
24141 24140
46047 23023
46285 15428
46721 46720
56857 56856
17769 17768
60046 20015
39912 39911
51045 25522
43607 43606
57129 14282
21886 21885
35429 35428
50065 50064
21703 21702
56836 11367
63811 12762
56889 14222
53802 53801
36802 12267
40428 40427
64532 64531
31293 31292
47280 47279
55211 27605
10537 10536
54129 27064
33061 33060
39351 19675
34827 34826
44426 44425
55190 55189
17406 17405
42190 42189
39874 39873
58513 58512
34850 34849
54588 54587
48283 48282
39643 39642
63124 21041
49748 49747
33245 33244
20445 20444
57586 57585
36242 36241
18339 18338
61533 61532
16530 16529
55269 27634
41300 41299
52605 26302
17945 17944
52805 52804
53550 53549
51200 51199
22736 22735
30093 15046
23364 23363
14206 14205
45736 15245
25532 25531
49211 24605
65474 65473
19208 19207
28013 28012
21409 21408
62365 31182
64220 64219
20444 20443
37102 37101
24345 12172
47473 15824
57347 57346
45325 15108
14837 14836
61019 61018
12866 12865
52211 52210
38080 12693
62826 62825
47872 47871
45720 45719
55212 55211
63732 63731
61014 61013
60509 15127
29543 14771
43189 43188
38035 38034
39713 39712
18547 18546
49705 49704
59977 59976
31882 31881
43846 14615
34121 34120
19173 19172
15366 15365
15044 15043
48043 48042
36742 36741
14906 14905
28107 28106
26634 26633
60894 60893
20382 20381
12379 12378
32628 32627
14633 14632
56649 28324
41736 41735
54124 54123
34940 34939
29971 29970
60078 60077
43045 43044
57189 14297
55727 27863
29621 14810
63913 31956
56159 28079
48135 24067
22661 22660
53064 53063
60288 60287
23021 23020
35934 35933
55819 55818
41594 41593
47827 47826
41888 41887
22602 22601
39418 13139
47161 23580
34918 34917
54521 10904
11021 11020
32891 32890
28451 14225
