       482         18          2
       390        110         10
       165        335          5
        66        434          2
       366        134          2
       456         44          4
       120        380         20
       120        380         20
       297        203          1
        72        428          4
       456         44          4
       467         33          1
       109        391          1
       165        335          5
       326        174          2
        27        473          1
       404         96          4
       249        251          1
         7        493          1
        12        488          4
       197        303          1
        80        420         20
       240        260         20
       317        183          1
       339        161          1
       230        270         10
       209        291          1
       426         74          2
       395        105          5
       177        323          1
       100        400        100
         2        498          2
       296        204          4
       265        235          5
       313        187          1
        67        433          1
        96        404          4
       349        151          1
       244        256          4
       186        314          2
       322        178          2
       429         71          1
       162        338          2
        77        423          1
       359        141          1
       329        171          1
       228        272          4
        55        445          5
       365        135          5
       291        209          1
       497          3          1
       257        243          1
       131        369          1
       394        106          2
       380        120         20
       170        330         10
         5        495          5
       280        220         20
       253        247          1
       303        197          1
       377        123          1
        78        422          2
       383        117          1
        45        455          5
       479         21          1
       488         12          4
       498          2          2
       399        101          1
       373        127          1
       102        398          2
        60        440         20
       201        299          1
        23        477          1
        94        406          2
       399        101          1
       332        168          4
       204        296          4
       271        229          1
       432         68          4
       433         67          1
       167        333          1
       483         17          1
        11        489          1
         8        492          4
       378        122          2
       172        328          4
       489         11          1
       174        326          2
        86        414          2
       434         66          2
       135        365          5
       428         72          4
       205        295          5
        88        412          4
       438         62          2
        14        486          2
       240        260         20
        47        453          1
       450         50         50
       340        160         20
       322        178          2
        94        406          2
       333        167          1
       318        182          2
       417         83          1
       484         16          4
       267        233          1
       268        232          4
       468         32          4
       349        151          1
       213        287          1
        61        439          1
        81        419          1
       211        289          1
        31        469          1
       447         53          1
       402         98          2
       302        198          2
       296        204          4
       374        126          2
       334        166          2
       228        272          4
       154        346          2
       471         29          1
       448         52          4
        36        464          4
       457         43          1
       257        243          1
       134        366          2
       342        158          2
       368        132          4
       447         53          1
       162        338          2
       163        337          1
       106        394          2
       112        388          4
        29        471          1
       144        356          4
       193        307          1
       256        244          4
        57        443          1
        71        429          1
        96        404          4
       144        356          4
       328        172          4
       282        218          2
        30        470         10
       475         25         25
       233        267          1
       367        133          1
       281        219          1
       304        196          4
       359        141          1
       291        209          1
       189        311          1
       145        355          5
       170        330         10
       214        286          2
        79        421          1
       466         34          2
       390        110         10
       308        192          4
       282        218          2
       100        400        100
       407         93          1
       286        214          2
       455         45          5
        84        416          4
       413         87          1
       254        246          2
       143        357          1
        93        407          1
       230        270         10
       159        341          1
       321        179          1
       180        320         20
       480         20         20
       476         24          4
       450         50         50
       484         16          4
       368        132          4
       393        107          1
       324        176          4
       266        234          2
         5        495          5
       419         81          1
       292        208          4
       255        245          5
       212        288          4
       491          9          1
       406         94          2
       100        400        100
       384        116          4
       256        244          4
       250        250        250
       161        339          1
       448         52          4
       102        398          2
       143        357          1
       135        365          5
       123        377          1
       306        194          2
       455         45          5
        63        437          1
       220        280         20
       221        279          1
       427         73          1
       453         47          1
       360        140         20
       389        111          1
       340        160         20
       269        231          1
       228        272          4
        71        429          1
       415         85          5
       321        179          1
       399        101          1
       380        120         20
         6        494          2
       159        341          1
       367        133          1
       258        242          2
       327        173          1
       312        188          4
       206        294          2
        31        469          1
       183        317          1
       304        196          4
       133        367          1
        50        450         50
       421         79          1
       301        199          1
       425         75         25
       457         43          1
       325        175         25
       473         27          1
         9        491          1
       347        153          1
       473         27          1
       283        217          1
       175        325         25
       302        198          2
       389        111          1
       496          4          4
       336        164          4
       419         81          1
       327        173          1
        79        421          1
       314        186          2
       271        229          1
       295        205          5
        94        406          2
       399        101          1
       123        377          1
       378        122          2
       399        101          1
       362        138          2
       450         50         50
       480         20         20
       147        353          1
       419         81          1
       358        142          2
       470         30         10
       480         20         20
       340        160         20
       386        114          2
       201        299          1
         7        493          1
       198        302          2
       248        252          4
       300        200        100
        80        420         20
       318        182          2
       430         70         10
       109        391          1
        26        474          2
       308        192          4
        10        490         10
       402         98          2
       180        320         20
       169        331          1
       457         43          1
       404         96          4
       305        195          5
        23        477          1
       308        192          4
       247        253          1
       166        334          2
        61        439          1
       349        151          1
       119        381          1
       258        242          2
       322        178          2
       223        277          1
       455         45          5
         1        499          1
        97        403          1
       170        330         10
       155        345          5
        18        482          2
       474         26          2
        29        471          1
       400        100        100
       476         24          4
       361        139          1
       159        341          1
        33        467          1
       298        202          2
       486         14          2
        87        413          1
       216        284          4
       185        315          5
         6        494          2
       182        318          2
       465         35          5
        26        474          2
        23        477          1
       176        324          4
       441         59          1
       431         69          1
       190        310         10
        23        477          1
       390        110         10
       297        203          1
        66        434          2
        21        479          1
       283        217          1
       300        200        100
       373        127          1
       458         42          2
       299        201          1
        88        412          4
       441         59          1
       234        266          2
       234        266          2
       129        371          1
       443         57          1
        32        468          4
       429         71          1
       212        288          4
       214        286          2
       359        141          1
        25        475         25
       234        266          2
       206        294          2
        29        471          1
       326        174          2
        68        432          4
        42        458          2
         9        491          1
       312        188          4
       271        229          1
       449         51          1
       426         74          2
        17        483          1
       485         15          5
       205        295          5
        77        423          1
       400        100        100
       495          5          5
       415         85          5
        47        453          1
       491          9          1
       215        285          5
        82        418          2
       232        268          4
       424         76          4
       168        332          4
       283        217          1
       392        108          4
        40        460         20
       385        115          5
       308        192          4
       450         50         50
       132        368          4
        37        463          1
        80        420         20
       473         27          1
       400        100        100
       154        346          2
        99        401          1
       425         75         25
       407         93          1
       221        279          1
       396        104          4
       293        207          1
       129        371          1
       437         63          1
       209        291          1
       449         51          1
       169        331          1
       489         11          1
       197        303          1
       310        190         10
       210        290         10
       137        363          1
       435         65          5
        26        474          2
       344        156          4
       276        224          4
       383        117          1
       366        134          2
       369        131          1
       159        341          1
        99        401          1
       260        240         20
       292        208          4
       453         47          1
        72        428          4
       276        224          4
       443         57          1
        63        437          1
       306        194          2
       464         36          4
       371        129          1
        16        484          4
       357        143          1
       278        222          2
        16        484          4
       214        286          2
       209        291          1
       491          9          1
       445         55          5
       487         13          1
       313        187          1
       499          1          1
        75        425         25
       334        166          2
       214        286          2
        72        428          4
        85        415          5
       397        103          1
       151        349          1
        17        483          1
       334        166          2
       456         44          4
       419         81          1
        56        444          4
        39        461          1
       328        172          4
       401         99          1
       123        377          1
        79        421          1
       491          9          1
       292        208          4
       467         33          1
       364        136          4
       366        134          2
       133        367          1
       241        259          1
       490         10         10
       352        148          4
       465         35          5
       369        131          1
         5        495          5
       396        104          4
       120        380         20
       464         36          4
       370        130         10
       338        162          2
       466         34          2
        25        475         25
         4        496          4
       382        118          2
       135        365          5
       429         71          1
       484         16          4
       495          5          5
         8        492          4
       356        144          4
       233        267          1
       339        161          1
       208        292          4
       195        305          5
       300        200        100
        24        476          4
       381        119          1
       200        300        100
       232        268          4
       371        129          1
       133        367          1
       247        253          1
        92        408          4
         3        497          1
       361        139          1
        63        437          1
       490         10         10
        74        426          2
       413         87          1
       235        265          5
       418         82          2
       276        224          4
       398        102          2
        28        472          4
       469         31          1
       243        257          1
       359        141          1
       104        396          4
       366        134          2
        68        432          4
       133        367          1
